1.093764787204450500e-01 -5.426258957096594115e-02
1.888299467234180185e-01 -4.865816428911354241e-02
2.239662121228201963e-01 -3.682072363929978377e-03
3.990617583884727981e-01 -1.079679682769767862e-02
4.277399596752912703e-01 -1.758691580092119552e-02
5.561183748340544630e-01 -4.829439853705659591e-03
1.950654675442772490e+00 -1.521286445796209358e-03
1.956852705151133076e+00 -3.153074696500023956e-03
1.988759804312146384e+00 -6.746705777795522193e-04
2.757006295906077042e+00 -7.739049331748661515e-12
5.095141528537425711e-03 -2.547560477002456560e-03
1.733053668201799957e-01 -3.570157795809972279e-02
2.236392070341743643e-01 -3.429119003628352830e-03
3.674558686946212682e-01 -1.636051169377088568e-02
4.036665771078536968e-01 -3.031103310440272022e-02
5.196310025371770891e-01 -2.313540199756617191e-02
1.949500346250970573e+00 -3.329104599405444899e-06
1.956852706906025530e+00 -3.153076215384910744e-03
1.983758143144161101e+00 -3.027369901633599186e-03
2.757006295906386129e+00 -7.764162642524691077e-12
2.499229572675371047e-01 -1.234856483391304216e-01
2.228116825137047563e-01 -3.989997165368056389e-03
2.440982418417677602e-01 -8.875455321078989934e-02
4.240240267236446980e-01 -3.957282745029764431e-02
4.277294502366458806e-01 -1.757552203966093740e-02
5.561182459480189522e-01 -4.829490566527772262e-03
9.978172882399574117e-01 -8.983044483888623323e-04
1.003061335885361505e+00 -1.547128592283601375e-02
1.066290779225282259e+00 -1.325564973186113722e-03
1.400497241119065484e+00 -3.059158892898167811e-05
1.529584585856829659e-01 -7.520138323820578508e-02
2.027995779106197827e-01 -5.957916955234550394e-02
2.270716544736106068e-01 -1.130237371784762052e-01
2.248647921485283918e-01 -2.865207310491744552e-03
2.617466515129196480e-01 -9.968447087825579866e-02
2.823564940068019058e-01 -1.410494801651874519e-01
9.957869047558680631e-01 -5.905661200655601926e-03
9.977988607106965668e-01 -6.074468723339729445e-04
1.006403161964331439e+00 -1.979437138252147788e-02
1.400494880560653410e+00 -3.177138143937333710e-05
1.309618188657803994e-01 -6.470248051363876318e-02
1.953109493423919596e-01 -5.377944929385727185e-02
2.241504660780946068e-01 -3.449577603982210278e-03
3.952220663919653876e-01 -1.729318457500589323e-02
4.214381756948893942e-01 -2.086341430264050667e-02
5.467341516361906573e-01 -9.518088815432984226e-03
2.211565987311885806e+00 -1.915441979603865188e-03
2.216349940885833814e+00 -2.612622541419042620e-03
2.243640987036749301e+00 -1.161630151880477463e-03
3.125547429533957811e+00 -7.496711190051343083e-09
8.864305608469554010e-02 -4.411399828215153279e-02
1.835641734785972146e-01 -4.440626344185380492e-02
2.192043420707130985e-01 -9.953575353748188304e-02
2.237782653886752904e-01 -3.027229062375814354e-03
2.701802866281329818e-01 -9.714952135689482182e-02
2.970927688087917073e-01 -1.337227550758155470e-01
6.099805323582375705e-01 -3.200671259880865076e-03
6.229814531486623785e-01 -5.010514113072950942e-03
6.365765639253624375e-01 -3.134432790009873682e-02
8.583737558134030277e-01 -4.200932913864369834e-05
8.864305647012067635e-02 -4.411399861003699463e-02
1.835650511369172344e-01 -4.440654483560517451e-02
2.267125764021580281e-01 -9.564332194754504579e-02
2.232905471681338461e-01 -3.276931518789113085e-03
2.765002582145688614e-01 -9.469354918736089255e-02
3.082131037780726501e-01 -1.280280826792782600e-01
4.579671747433446960e-01 -4.266103398171306078e-03
4.801184232422924802e-01 -9.966630556914499520e-03
4.976045511995627613e-01 -3.979061176899563457e-02
6.427646894827432344e-01 -2.291564198844294644e-05
5.095141528582937916e-03 -2.547560476982681146e-03
1.733053668306733797e-01 -3.570157796183449223e-02
2.221661402902234128e-01 -3.920721729844488072e-03
2.394676692398510498e-01 -7.978618850264480866e-02
2.938227542636739908e-01 -8.734300008889379907e-02
3.386641997673583981e-01 -1.128329498079934518e-01
1.146764693048008432e+00 -5.659461885168708950e-06
1.152618157069392524e+00 -8.505637881335128062e-04
1.168776158556290579e+00 -1.654096184862397997e-02
1.620663630822434698e+00 -1.802771264366891506e-05
9.717628302665614866e-04 -4.858813841928781053e-04
1.732722700867303234e-01 -3.567230358294078835e-02
2.235327960536989678e-01 -3.184552702099549288e-03
3.553479988236717957e-01 -2.241527188202756607e-02
3.926488595532012793e-01 -3.623183290317130711e-02
5.025250980643026777e-01 -3.172999370995787521e-02
1.639332768027475629e+00 -1.440102566361007059e-07
1.646828214126715428e+00 -2.859008564290709334e-03
1.677213305623798556e+00 -4.777954813531552075e-03
2.318308797953944289e+00 -3.128024659335643410e-07
2.219970226465900753e-01 -4.708952748713779966e-03
2.626086741758346665e-01 -1.303180208629236836e-01
2.506593679628721927e-01 -9.301848548077239209e-02
2.861468766368701067e-01 -1.287686410250867275e-01
2.764975985755653287e-01 -9.463734445801388895e-02
3.082129625052298372e-01 -1.280282419918473136e-01
9.978270736581658085e-01 -9.610086582804162458e-04
1.004298446354446650e+00 -1.709928483976249497e-02
1.011002990151384395e+00 -1.967336576762290790e-02
1.400497002507310240e+00 -2.973831016855423397e-05
1.309618217075414759e-01 -6.470248100216953457e-02
1.953115431276939984e-01 -5.377882869576867952e-02
2.242025753003892563e-01 -3.570796417482731758e-03
4.016227123669872112e-01 -1.388678402697103229e-02
4.277390833035299988e-01 -1.758666389189016827e-02
5.561183713238718740e-01 -4.829441883413206592e-03
2.315147574251750218e+00 -1.829622867335089532e-03
2.319605906210109758e+00 -2.415904897118174421e-03
2.346915162274370914e+00 -5.746363859561216684e-04
3.272122900167142134e+00 -1.465878985685171481e-08
2.226596244254903934e-01 -4.385249277071615569e-03
2.626085091149237827e-01 -1.303173353005026569e-01
2.506769557025657069e-01 -9.297401650874072276e-02
4.214203879101105499e-01 -4.679326911566038250e-02
4.214497452416800516e-01 -2.085996411855200322e-02
5.467341649583441487e-01 -9.518040751024364407e-03
1.806055176665534168e+00 -9.479964845366084872e-03
1.806484067893819656e+00 -3.193139402846092208e-03
1.839882309080256739e+00 -1.416793415562062151e-03
2.543920236822893255e+00 -1.561129052840287911e-08
2.210040788793404820e-01 -4.568162117987203084e-03
2.723492431638344091e-01 -1.355638050880554057e-01
2.559120520539810983e-01 -9.627346730650937490e-02
3.044564977581413201e-01 -8.240489027106508158e-02
3.162116279731135848e-01 -1.169806268828483820e-01
3.571904038030616069e-01 -1.037394817239072065e-01
1.646828246731279588e+00 -2.871194531520344321e-03
1.647839917677244692e+00 -1.121582759594687458e-02
1.657051105443970940e+00 -1.123036607089875245e-02
2.318308810102121420e+00 -2.955891696809526744e-07
1.093764749491370064e-01 -5.426259160222959149e-02
1.888289174321447217e-01 -4.866119142656829405e-02
2.234424874019547702e-01 -2.999017989152745912e-03
3.492209300137321115e-01 -3.701967316201915104e-02
3.805950226712771500e-01 -4.273990333120269297e-02
4.835648985710941372e-01 -4.124188191569412576e-02
2.211118720101144408e+00 -1.341867230808227408e-03
2.216349916051155500e+00 -2.612699887274258850e-03
2.236197424190383476e+00 -4.461518212274962619e-03
3.125547429894975693e+00 -7.500195231646261328e-09
1.241198511750671134e-02 -6.205762624825415449e-03
1.734748009929438506e-01 -3.585131484502988852e-02
2.218287093842531144e-01 -4.263195358902610761e-03
2.526884632478631487e-01 -7.343479159615592944e-02
3.044435890711948978e-01 -8.244366418731108315e-02
3.571909694567943494e-01 -1.037394392603773752e-01
2.396211190338774166e+00 -1.607239398247515503e-05
2.401868625625065867e+00 -2.340825707335679115e-03
2.408356657712589222e+00 -7.704470588697107276e-03
3.388731681704995058e+00 -1.187453108539213088e-08
1.963261925179545786e-01 -9.580385943543279215e-02
2.196005422231911419e-01 -7.207721972079926542e-02
2.239708338647762309e-01 -4.657965256946774643e-03
3.256976095522353676e-01 -7.580791217451814112e-02
3.413939727097692334e-01 -6.374432784462179258e-02
4.201269970824865752e-01 -7.284148206007320936e-02
2.091223107441782858e+00 -4.499841754213880669e-03
2.094506463538148733e+00 -2.897864375083656404e-03
2.108114550853647629e+00 -7.254660883648026727e-03
2.952458664785624798e+00 -6.468333829800528742e-10
8.864305506386703504e-02 -4.411399893453384763e-02
1.835628564025840459e-01 -4.440881504309247135e-02
2.227395960075730375e-01 -1.496333517188939543e-03
3.029798453199502029e-01 -5.690826355550328286e-02
3.413709236514282375e-01 -6.376869212849974045e-02
4.201266269815970844e-01 -7.284287515706805438e-02
8.486733711685878756e-01 -2.300732900314461649e-03
8.551942141319527346e-01 -1.556600596831193405e-03
8.959126478733532295e-01 -1.734035950119326708e-02
1.196401349668733127e+00 -3.996939674211943922e-05
1.093764762876692220e-01 -5.426258996344820312e-02
1.888288641444929861e-01 -4.865953169167657605e-02
2.238586155742700590e-01 -3.230813845188228780e-03
3.841534917262838800e-01 -1.861326437479910931e-02
4.058321770412804397e-01 -7.393283041628404342e-03
4.133189267262147304e-01 -2.512264077467703249e-02
4.343683399918156218e-01 -1.416807180378685908e-02
5.344823015258347576e-01 -1.567031327722628181e-02
5.503649929803083873e-01 -7.670029661837278641e-03
5.659224508092133288e-01 -1.181643936003284526e-04
1.963265133477374302e-01 -9.580414868537230622e-02
2.195993203657189419e-01 -7.206046983455322019e-02
2.431777975720681439e-01 -1.205719599222867394e-01
2.256015241257218473e-01 -3.969308617750920247e-03
2.617429121575694517e-01 -9.968199738867061788e-02
2.823564900198978767e-01 -1.410494850903583897e-01
4.711013752980306446e-01 -2.011831535474532806e-02
4.800929862427695261e-01 -9.856568432976327981e-03
4.881827031414820439e-01 -4.080169730621538426e-02
6.427636261410228924e-01 -2.297754613574821806e-05
2.222014490343970361e-01 -3.234448487997932005e-03
2.723492252363102772e-01 -1.355636314868900461e-01
2.559263702067361979e-01 -9.625669150440860355e-02
3.678250181049901313e-01 -4.962148249090351376e-02
3.747315837584411780e-01 -8.105862265577133685e-02
4.356977012426111462e-01 -4.245023815888816082e-02
4.343617157077126478e-01 -1.415805812228736540e-02
4.631929022944555330e-01 -5.143384969981189964e-02
5.163469192475772518e-01 -2.312712011064531337e-02
5.659224613639901591e-01 -1.181595347742194461e-04
2.219059869901479631e-01 -3.274651508132990496e-03
2.596629756225729002e-01 -9.851285263098243095e-02
2.789742819308336785e-01 -1.391569124411272951e-01
3.414516829217804639e-01 -6.374429841062390079e-02
3.528548077777401981e-01 -9.836152780831436404e-02
4.201272576162056738e-01 -7.284092086958937617e-02
2.401868498913002359e+00 -2.340606749238227733e-03
2.402301421613048049e+00 -8.082143116619679157e-03
2.413988256535281707e+00 -6.345687612677645625e-03
3.388731682148951929e+00 -1.218735314261863341e-08
6.920121462476343244e-02 -3.451208615389622647e-02
1.795706597720066189e-01 -4.109593413666211281e-02
2.236481692336560745e-01 -3.392407465061229605e-03
3.700322052502023062e-01 -1.945576632894223043e-02
4.036660284476284999e-01 -3.031099248526823373e-02
5.196309971001269457e-01 -2.313540689490021368e-02
2.210504925052447334e+00 -5.401711090815864173e-04
2.216349988971827223e+00 -2.612669665973356078e-03
2.240367748433178985e+00 -2.685271094560523833e-03
3.125547429767177920e+00 -7.521722952306197399e-09
6.920121452307663457e-02 -3.451208641295886587e-02
1.795712581135545660e-01 -4.109715637812626221e-02
2.223185699158755357e-01 -2.992955282065647149e-03
2.442744134687572233e-01 -8.307774413325642870e-02
2.938020907617301947e-01 -8.735128574073228180e-02
3.386644330438172701e-01 -1.128336274500742475e-01
7.190319662925745980e-01 -1.658761038013807513e-03
7.291691531694275419e-01 -3.073434611975525699e-03
7.527380333245297095e-01 -2.564191858647778960e-02
1.013992836401408359e+00 -4.254965219719517114e-05
2.499231080097876756e-01 -1.234856590025628087e-01
2.215262145726622778e-01 -4.457464173161426561e-03
2.440939605132752266e-01 -8.876326146286474261e-02
3.550643965975319727e-01 -8.210451100323978846e-02
3.546757913972438669e-01 -5.667481388318185154e-02
4.418829723674555510e-01 -6.205409397871247679e-02
2.215438425998359939e+00 -6.971368110247485976e-03
2.216350370553757276e+00 -2.613204419124839049e-03
2.231642459413390789e+00 -6.146503137363710893e-03
3.125547430394866932e+00 -7.181912140320385753e-09
1.963260050759368380e-01 -9.580432253813321586e-02
2.196173255295451598e-01 -7.206457894520813812e-02
2.252901026163304787e-01 -5.303410880529924737e-03
4.123125924242336260e-01 -2.607159540521970797e-02
4.277373436943999740e-01 -1.757995482501740689e-02
5.561183530093189997e-01 -4.829431736798094239e-03
2.213425937531058096e+00 -4.255522371404740593e-03
2.216350247456630118e+00 -2.611936071406826664e-03
2.244802422695570510e+00 -5.997646249821512359e-04
3.125547429401572153e+00 -7.146981284998809171e-09
1.093764742340595925e-01 -5.426259248945735497e-02
1.888289784161322760e-01 -4.866211811429521639e-02
2.232024963537613815e-01 -2.899443052650547362e-03
3.353118069545946156e-01 -4.433669903588757788e-02
3.678168842780626391e-01 -4.964050494890644150e-02
4.631931581552025112e-01 -5.143458717438637723e-02
2.314719997823517339e+00 -1.281706765555189415e-03
2.319605716092853598e+00 -2.416098082750632071e-03
2.336519557195946728e+00 -5.104060422143792686e-03
3.272122901167303421e+00 -1.461636876633641599e-08
3.587655018363870157e-02 -1.792911486235335833e-02
1.749711495233143288e-01 -3.716400682108450537e-02
2.227793664848071731e-01 -3.042223863666719021e-03
3.133602785520489542e-01 -4.473788350752829629e-02
3.546540130895406984e-01 -5.672085726776847359e-02
4.418833500169541129e-01 -6.205447749063094931e-02
2.087819364925691090e+00 -1.540439607420259220e-04
2.094506441828810406e+00 -2.897937535239546430e-03
2.110508016011007015e+00 -6.492756735152498473e-03
2.952458664792372289e+00 -6.857531029518200622e-10
5.147885737705497344e-02 -2.570752489479958755e-02
1.767658801186703932e-01 -3.871631401004226730e-02
2.230761034623020556e-01 -1.472764810838822621e-03
3.143119177916567919e-01 -4.568428829596501983e-02
3.545849998249067103e-01 -5.672548755369745399e-02
4.418823593524797699e-01 -6.205602628407465293e-02
8.475000765190946472e-01 -7.801589880991444776e-04
8.552097626117320939e-01 -1.537703633270140176e-03
9.014893783320780951e-01 -1.545285221129699162e-02
1.196401359993095825e+00 -4.022822389174799789e-05
2.499231804019801939e-01 -1.234857309393217889e-01
2.211970233032501953e-01 -4.552060849073632717e-03
2.440902434430552992e-01 -8.876636901985225647e-02
3.424654475200014647e-01 -8.976668421729069869e-02
3.414519511791397899e-01 -6.370279143079682349e-02
4.201268070194312809e-01 -7.284078322452948451e-02
1.805390218299887550e+00 -8.555294147685833794e-03
1.806484274917613098e+00 -3.193452726348299919e-03
1.822469101484054166e+00 -8.400989984515574299e-03
2.543920237866183154e+00 -1.505979307360588335e-08
8.864305679895292944e-02 -4.411399838666051065e-02
1.835644904220985474e-01 -4.440648969978065741e-02
2.228307779179501125e-01 -2.871157267076878458e-03
3.179457963252331765e-01 -4.922878369530564457e-02
3.546493664546316316e-01 -5.672183197639275171e-02
4.418833009809124968e-01 -6.205457726420904319e-02
1.640235380378676888e+00 -1.191430476270669220e-03
1.646826153743132792e+00 -2.860594889237802040e-03
1.668233429144785784e+00 -8.254005181067057204e-03
2.318308804346040919e+00 -3.093139051071998933e-07
3.587655018286335651e-02 -1.792911486215806316e-02
1.749711115320798371e-01 -3.716400211685003119e-02
2.012613618777274738e-01 -1.005393411164870465e-01
2.240481715588308054e-01 -3.019719884323520363e-03
2.617474923189799241e-01 -9.968399310411793501e-02
2.823564930010425966e-01 -1.410494790869228909e-01
9.914960809123020136e-01 -3.242601032400403661e-04
9.977746402670536474e-01 -7.440394826904186097e-04
1.006403200920277685e+00 -1.979432163382635612e-02
1.400495316032816850e+00 -3.190564734801444038e-05
1.241198511750280301e-02 -6.205762624828921326e-03
1.734748008129316510e-01 -3.585131491889904237e-02
2.279645183077327053e-01 -8.565841704878422724e-02
2.226338785142028542e-01 -3.915012344953751160e-03
2.844436913747037110e-01 -9.142434428993120865e-02
3.221893177841749778e-01 -1.209971493488536665e-01
4.151161252813730940e-01 -9.277591933735386228e-05
4.454773046407831671e-01 -1.230867161537604199e-02
4.675042361641443267e-01 -4.179434905599736100e-02
5.868755141902893824e-01 -7.887158171970527434e-06
1.749179760560087560e-01 -8.559049895393802676e-02
2.110334766415393193e-01 -6.580204171129745705e-02
2.238637167210751899e-01 -5.318387244365302240e-03
2.589697524135684548e-01 -1.041414728363852099e-01
2.844549768142352053e-01 -9.143389642070517964e-02
3.221894256780312160e-01 -1.209966009636477130e-01
2.398634035140355003e+00 -3.123776410370792886e-03
2.401868829364671942e+00 -2.340124546955099118e-03
2.405491147978740418e+00 -8.115017265672208602e-03
3.388731681046086575e+00 -1.150286676020374787e-08
2.227660177326636071e-01 -4.616215534604588798e-03
2.626085124624605860e-01 -1.303172920024606718e-01
2.506793574408908709e-01 -9.297434720229715011e-02
4.310990854918985704e-01 -4.080547611580916806e-02
4.321055005359393797e-01 -1.537888700072866446e-02
5.624822242171786391e-01 -1.697471401927618884e-03
2.319359941232478572e+00 -7.383746681828372467e-03
2.319606470562372902e+00 -2.416748848887005207e-03
2.347677268233058001e+00 -2.048842326184749233e-04
3.272122900748897667e+00 -1.444073380971827825e-08
2.223719342436531188e-01 -4.873426078555188543e-03
2.626086316672126553e-01 -1.303178596925443911e-01
2.506750822741962703e-01 -9.301826932923673574e-02
2.803357654767343887e-01 -1.319088518428966350e-01
2.701698683173323068e-01 -9.709622916236751444e-02
2.970926639358493770e-01 -1.337228936976263272e-01
1.152675956916004552e+00 -8.915255003962386593e-04
1.158027582812109602e+00 -1.482855898700221296e-02
1.162091112961773698e+00 -1.719358901411606466e-02
1.620663487665565672e+00 -1.801294949586251207e-05
1.529584256129526976e-01 -7.520142271760794916e-02
2.028012025540510133e-01 -5.958432634819876839e-02
2.239241463513990948e-01 -2.865681613722588505e-03
3.427675197592529588e-01 -5.148062458551811577e-02
3.678084813246924600e-01 -4.964206096637504423e-02
4.631931077317998358e-01 -5.143466342299446437e-02
1.801296530752421132e+00 -3.193071156323429045e-03
1.806483404205745824e+00 -3.192538296056654859e-03
1.828037743656028224e+00 -6.520003605260181294e-03
2.543920236715419669e+00 -1.566611405270133390e-08
2.344729671368468160e-01 -1.152060641235421456e-01
2.364828484063271896e-01 -8.377010488999049598e-02
2.213877464145101726e-01 -5.601859718032091949e-03
3.246462266808155528e-01 -9.288837429464513740e-02
3.284606082152139450e-01 -7.045482270441932870e-02
3.984244369710202571e-01 -8.353916009098219519e-02
2.318249484099102808e+00 -5.838462297850453495e-03
2.319607257569498149e+00 -2.416963511647462950e-03
2.330080197959423671e+00 -7.151423146950789712e-03
3.272122901920842430e+00 -1.350724163949378867e-08
1.529583752797947782e-01 -7.520125874647605457e-02
2.027806597939493805e-01 -5.958652591968066625e-02
2.240757121185797118e-01 -7.698892846640329607e-04
3.287676180067358733e-01 -5.913678596051566427e-02
3.545257123986615966e-01 -5.671465454277486301e-02
4.418798073669972237e-01 -6.205712212464584154e-02
5.278697711000269743e-01 -1.091475817845433301e-02
5.393622467803690368e-01 -7.431342350447028670e-03
6.045646629492963386e-01 -2.286833349047942207e-02
7.337056196189816193e-01 -3.561122961491178918e-05
2.499229066226971996e-01 -1.234858605106913254e-01
2.229564645942345158e-01 -3.219178665377832749e-03
2.440912514302508440e-01 -8.874961333284726861e-02
4.240237533943753134e-01 -3.957349102762004051e-02
4.277052078323565487e-01 -1.756442813620564397e-02
5.561177053031207684e-01 -4.829802606559719345e-03
6.230358190503603177e-01 -5.096799073312387358e-03
6.270011759108884419e-01 -2.474687320724940770e-02
7.235882738190599905e-01 -1.916714707145894927e-03
8.583763368167152130e-01 -4.163824991361123913e-05
1.241198511750292964e-02 -6.205762624828690607e-03
1.734748006603971660e-01 -3.585131445310793530e-02
2.102510976272875809e-01 -9.465913339345757849e-02
2.233484442842655349e-01 -4.792209312484287977e-03
2.701959425066384202e-01 -9.714207327988963470e-02
2.970925331273048808e-01 -1.337226084453384534e-01
4.002411406177681097e-01 -1.792222170171299197e-04
4.343467518502304725e-01 -1.414541919731494152e-02
4.442202372698441648e-01 -4.480067682832927084e-02
5.659224354369946086e-01 -1.181620854752155671e-04
9.717628301477537452e-04 -4.858813842361293153e-04
1.732722700867347643e-01 -3.567230358294334880e-02
2.220977866112366639e-01 -3.371337231773390702e-03
2.817160418493321883e-01 -5.902564461772658727e-02
3.284792911985184305e-01 -7.052025172980178058e-02
3.984253063432153241e-01 -8.353910357047020230e-02
2.490348014521275299e+00 -9.479829058557778465e-08
2.496037510901493839e+00 -2.420414349700376368e-03
2.505541600169076677e+00 -6.640051354648539815e-03
3.521883501328136656e+00 -6.242862551824527657e-10
2.234075661173837712e-01 -3.689415909508446563e-03
2.596714579942826506e-01 -9.851118498055087824e-02
2.789743010156230940e-01 -1.391568622575002079e-01
4.277395940750608472e-01 -1.758539240195481496e-02
4.314706377997198361e-01 -4.810335715007815066e-02
5.561183554313223754e-01 -4.829444893324080085e-03
1.481732912544652336e+00 -2.166103625407148764e-03
1.484759296696515962e+00 -1.308512175376901412e-02
1.526326094158495073e+00 -9.037441491994180646e-04
2.085487593324592659e+00 -2.144596069824436869e-06
1.309618089157274790e-01 -6.470247757519870246e-02
1.953085734172827215e-01 -5.378144265182239342e-02
2.239997435764731759e-01 -2.998653799162799734e-03
3.767897934670069171e-01 -2.717554249093806149e-02
4.036408887042029492e-01 -3.029715523887392681e-02
4.083237859844696116e-01 -1.045600355946908061e-02
4.343638824090658712e-01 -1.416401532349102592e-02
5.196310733954661032e-01 -2.313532458676774428e-02
5.431336152420094265e-01 -1.112737630846301340e-02
5.659224521158605636e-01 -1.181641064480572261e-04
1.963266530915863672e-01 -9.580406084413153889e-02
2.195926907681516049e-01 -7.205888247113398370e-02
2.255672452248642101e-01 -3.442004156726813195e-03
3.982406157333480690e-01 -3.413144415019934291e-02
4.132817326689896542e-01 -2.510879507496942276e-02
5.344813238894173812e-01 -1.567086464082552422e-02
7.280186187908764817e-01 -1.317792526260059237e-02
7.293742622266854436e-01 -2.836329821548129720e-03
8.109471042477732761e-01 -5.286154921679331320e-03
1.013991930302772682e+00 -4.293082839856907882e-05
5.147885739952753198e-02 -2.570752488285393822e-02
1.767660917240691520e-01 -3.871606178997889086e-02
2.224372679856543300e-01 -3.108542850891139395e-03
2.990672030887469024e-01 -5.332931188960133434e-02
3.414353656902222034e-01 -6.375722879954832945e-02
4.201273713768547968e-01 -7.284114701332450315e-02
2.313959623361542040e+00 -2.859425769581857841e-04
2.319605640960368476e+00 -2.416303482978155587e-03
2.332162981398087087e+00 -6.568726825331500617e-03
3.272122901352966018e+00 -1.444073312271133662e-08
1.963267091559957600e-01 -9.580365969668491744e-02
2.195816196595987979e-01 -7.207226701555935477e-02
2.242179007115263911e-01 -3.216733778132573399e-03
3.256994095339945106e-01 -7.580792592618038062e-02
3.413290496247419203e-01 -6.375406554954420046e-02
4.201262388793600699e-01 -7.284318662887379059e-02
8.554673467286951771e-01 -1.471099889313202524e-03
8.555439881672567415e-01 -1.122555809986575115e-02
8.959104636814253508e-01 -1.734069963207495596e-02
1.196400472733289755e+00 -3.840437618140130321e-05
5.095141528614382381e-03 -2.547560476967946404e-03
1.733053668210831622e-01 -3.570157797440307729e-02
2.227627346403268094e-01 -1.286957394787755253e-03
2.970899313156086796e-01 -5.147896474791422566e-02
3.413562023927413369e-01 -6.376772814168804593e-02
4.201262765046382408e-01 -7.284329356880932249e-02
7.177813901653290474e-01 -9.041855469024993319e-06
7.291118836308834172e-01 -3.018866715082440567e-03
7.750909320302666883e-01 -2.000173616532947146e-02
1.013994556602263675e+00 -4.357097669254358490e-05
2.222745085110088004e-01 -4.331246594309918520e-03
2.723491655385243959e-01 -1.355638436950404035e-01
2.559137272097661842e-01 -9.629570885968233296e-02
2.906409224158151838e-01 -1.314162301727641313e-01
2.765111314439945289e-01 -9.463832570084303175e-02
3.082128202986338383e-01 -1.280282609288064533e-01
4.454866405720716571e-01 -1.231393917914934237e-02
4.492462432881106360e-01 -4.112763433944745251e-02
4.619323409318916163e-01 -4.279590957591730693e-02
5.868756117384669180e-01 -7.871000187108571461e-06
2.499237434386830659e-01 -1.234859805702746699e-01
2.218790254940085915e-01 -5.672145181204099433e-03
2.440998888769484176e-01 -8.880267181333149906e-02
2.804355786279439933e-01 -1.253972736145792244e-01
2.764833691465879983e-01 -9.464247050088461788e-02
3.082129759744052788e-01 -1.280282477375641326e-01
1.152707956698384439e+00 -9.539106163094193853e-04
1.156961467286148570e+00 -1.341540781240540582e-02
1.163834975754473477e+00 -1.708811867253722666e-02
1.620663710093782184e+00 -1.751583956726932104e-05
1.241198511750047848e-02 -6.205762624829373221e-03
1.734748006966977396e-01 -3.585131523951860105e-02
2.279645183088086224e-01 -8.565841704785447097e-02
2.227981194652835506e-01 -3.076405461133171950e-03
2.844300612354899171e-01 -9.143272982198354104e-02
3.221896621631825663e-01 -1.209974845151224332e-01
5.192391230105597444e-01 -7.417104138238588592e-05
5.394244816772085782e-01 -7.448744486005881571e-03
5.614826256421225903e-01 -3.492418586495385502e-02
7.337038407529190565e-01 -3.475197382320826330e-05
2.275278835376345551e-02 -1.137450342731821662e-02
1.739554541919314801e-01 -3.627488292142083681e-02
2.236422072486944357e-01 -3.417826537201294843e-03
3.677212120070220691e-01 -1.668295310403776488e-02
4.036662335288098147e-01 -3.031094547874115322e-02
5.196309985125778796e-01 -2.313540502810243135e-02
2.455579356961243853e+00 -5.269639392995012733e-05
2.461176031002582754e+00 -2.358081702187970682e-03
2.482819120078871844e+00 -2.422893209131810575e-03
3.472655230685456118e+00 -5.090636004477020433e-09
2.164553194630656763e-01 -1.057966086153372121e-01
2.281831509501528465e-01 -7.813443928926283588e-02
2.237982070431699666e-01 -3.840165571857082939e-03
3.579102898247106257e-01 -6.529143566535082488e-02
3.677168168049566033e-01 -4.958625103708950987e-02
4.631912201604341806e-01 -5.143608317908388711e-02
7.293877886173240066e-01 -3.027091276126234274e-03
7.301393571602649013e-01 -1.591853438027448706e-02
7.879948157381647666e-01 -1.533507419208002959e-02
1.013994319877798311e+00 -4.152255461805807665e-05
2.275278835373373276e-02 -1.137450342735750984e-02
1.739554525652616535e-01 -3.627489350027288117e-02
2.233980334422703551e-01 -1.511517455041855524e-03
3.278699781952603698e-01 -3.669159707059096998e-02
3.677492318946248839e-01 -4.963726563886047827e-02
4.631920776815479646e-01 -5.143585193293719743e-02
8.470263001010047699e-01 -1.527529042196508729e-04
8.552195800417268234e-01 -1.522252605113227734e-03
9.071215628118219909e-01 -1.335545042609510499e-02
1.196401217404696071e+00 -4.044833744573100859e-05
5.095141528612857559e-03 -2.547560476968167148e-03
1.733053668274305847e-01 -3.570157796850881304e-02
2.220224416851551141e-01 -2.560822743384584283e-03
2.667758913377045182e-01 -6.638227719935957394e-02
3.160145607377480848e-01 -7.680497922987118697e-02
3.772777821517313002e-01 -9.391150264897035749e-02
4.150582503745290364e-01 -1.563655590651554688e-05
4.454939869403249930e-01 -1.233713248008539050e-02
4.901511093169327316e-01 -3.624164689405812850e-02
5.868759565639704023e-01 -7.989704190101837164e-06
9.717628303566904543e-04 -4.858813841408346121e-04
1.732722700867325993e-01 -3.567230358294222470e-02
2.228017116596567870e-01 -2.939301278727784843e-03
3.124619628046879094e-01 -4.383798694365612786e-02
3.546497427258309409e-01 -5.672118748776425190e-02
4.418832977654538197e-01 -6.205456795399288961e-02
1.639332768027473630e+00 -1.440102565975927087e-07
1.646826381649638904e+00 -2.860555345978235513e-03
1.668233429795249467e+00 -8.254002504450654726e-03
2.318308804732365669e+00 -3.092726958713025569e-07
2.222551194508966543e-01 -5.689324102609967342e-03
2.626086661933868527e-01 -1.303177042085804371e-01
2.506827728898519680e-01 -9.302084768133600523e-02
2.803356381667879149e-01 -1.319086013551476477e-01
2.701765793912684899e-01 -9.709282283770995226e-02
2.970925469259298457e-01 -1.337228399975534943e-01
2.495568710453976546e+00 -6.857517800246831080e-03
2.496037584610910187e+00 -2.420442415430776231e-03
2.497415239523654851e+00 -7.955663419133226361e-03
3.521883501304307718e+00 -6.047220858085081881e-10
2.275278835376877071e-02 -1.137450342733221931e-02
1.739554571755560497e-01 -3.627488613578133680e-02
2.227809448446593232e-01 -3.036147636760525709e-03
3.128229144383533056e-01 -4.420030115626877310e-02
3.546537279582140934e-01 -5.672087032588411099e-02
4.418833465153251816e-01 -6.205448338476543535e-02
2.455579356961164805e+00 -5.269639384990968122e-05
2.461175935276911808e+00 -2.358161738370920506e-03
2.474947661268640076e+00 -5.541989941982430196e-03
3.472655230859036379e+00 -5.035762284814890353e-09
6.920121476939793126e-02 -3.451208625532257296e-02
1.795718666247044237e-01 -4.109590693338072837e-02
2.329289171574761563e-01 -8.879366527890275584e-02
2.225106489448854807e-01 -4.779491571460188493e-03
2.844624332675982914e-01 -9.142209422275308917e-02
3.221892578120272299e-01 -1.209966151092349840e-01
1.475460337626603113e+00 -8.087691537340892418e-04
1.481740862884655563e+00 -2.187633644984673768e-03
1.489904325762257065e+00 -1.317120018346624316e-02
2.085487586248806036e+00 -2.045052240840869603e-06
6.920121438344153941e-02 -3.451208623799541936e-02
1.795698719707605751e-01 -4.109676911245657011e-02
2.241747168485768160e-01 -1.677929891120060867e-03
3.804155158716928109e-01 -1.413676754044381617e-02
4.132218713137051913e-01 -2.507521648975034531e-02
4.566870482317217927e-01 -2.613633296629086934e-03
4.801467709204781942e-01 -1.003260933400238787e-02
5.344835876716919065e-01 -1.566929452986898230e-02
5.910944220161958862e-01 -7.152661829827744976e-03
6.427660282976220829e-01 -2.368072010036051224e-05
1.749183341621264320e-01 -8.559052412289933076e-02
2.110224738629910279e-01 -6.577493534647600726e-02
2.251211116745714114e-01 -3.914214268509682432e-03
3.940161493046657193e-01 -2.961043642078690918e-02
4.133387418498708499e-01 -2.513676450417445460e-02
5.344821974687852251e-01 -1.567036650983536991e-02
2.398634037090748627e+00 -3.123787430375121656e-03
2.401868514626771312e+00 -2.339297162597064883e-03
2.425787315518721066e+00 -1.729914383982415673e-03
3.388731681042679522e+00 -1.216200795815814162e-08
2.164546099937912083e-01 -1.057965959272014755e-01
2.282036216739311285e-01 -7.813146476946176977e-02
2.244147045989657308e-01 -5.000022172002859672e-03
4.104120816687840678e-01 -3.426111603432573094e-02
4.213236448848030613e-01 -2.075334634470400036e-02
4.368110281578808651e-01 -2.631842245421077767e-02
4.455789240445310884e-01 -1.236796861409970860e-02
5.467343682122999260e-01 -9.517931037148629966e-03
5.671368964084749775e-01 -4.615732091853598507e-03
5.868758917589336210e-01 -7.730247610548640847e-06
2.219679646274162477e-01 -5.207576988806686923e-03
2.596540177331653210e-01 -9.853372918080059717e-02
2.789742737313122833e-01 -1.391569509385902903e-01
2.844770692390864442e-01 -9.138945046611400558e-02
3.008783957830008515e-01 -1.293040572701827928e-01
3.221889217872412337e-01 -1.209967233628674865e-01
2.216350226950241087e+00 -2.613235277593201674e-03
2.216716116186950192e+00 -8.758094656917800661e-03
2.220172942019922324e+00 -8.788182934050366851e-03
3.125547429840380254e+00 -7.092920630863680021e-09
3.587655018348562957e-02 -1.792911486186518633e-02
1.749711282598987450e-01 -3.716398159559967246e-02
2.236402307814184254e-01 -3.424296328522367580e-03
3.681366829365318449e-01 -1.718623972290221624e-02
4.036664601305645639e-01 -3.031100835315192477e-02
5.196310012167978387e-01 -2.313540303270142026e-02
2.490444887247009298e+00 -1.291398189721755421e-04
2.496037518841771163e+00 -2.420387385853790731e-03
2.517254670702826935e+00 -2.387158541522590993e-03
3.521883501303447517e+00 -6.413890882387103514e-10
5.147885739772993519e-02 -2.570752488048693926e-02
1.767660403119329093e-01 -3.871603521848020896e-02
2.227789600934756975e-01 -3.041610746358384531e-03
3.143119188459225222e-01 -4.568429167111376366e-02
3.546541734186386963e-01 -5.672089018386222009e-02
4.418833524956874426e-01 -6.205447435638749426e-02
1.949752953427123847e+00 -3.393744423726508062e-04
1.956852708716115385e+00 -3.153076983841150358e-03
1.973904480948857287e+00 -6.939547022143628847e-03
2.757006295906662352e+00 -7.686632403353840251e-12
2.499229360334184746e-01 -1.234853121286104971e-01
2.226245021795014989e-01 -5.151020968404960466e-03
2.441101732582633133e-01 -8.875966431327393658e-02
4.240241319721527735e-01 -3.957228580686867475e-02
4.277480829198917478e-01 -1.758220484050128374e-02
5.561183764841635124e-01 -4.829411478290212591e-03
2.460345913064412304e+00 -6.277196789468177975e-03
2.461176459338986877e+00 -2.358429324581239484e-03
2.486821600280327171e+00 -5.413248262539896351e-04
3.472655230752348388e+00 -4.917132830301281461e-09
1.749181486435380517e-01 -8.559011478294752118e-02
2.110054287491284208e-01 -6.579953506195278246e-02
2.237644538640997660e-01 -3.303746438282586639e-03
2.690355354179268521e-01 -9.879704035834165066e-02
2.937789729638954905e-01 -8.735962379893381924e-02
3.386642851771882734e-01 -1.128341656831114703e-01
4.677115375233656391e-01 -1.606003217224004700e-02
4.801113012173270911e-01 -9.938780451331584442e-03
5.089843964883605798e-01 -3.772464935818166387e-02
6.427650980181518481e-01 -2.229116148436210718e-05
1.241198511749802211e-02 -6.205762624831404582e-03
1.734748001870509981e-01 -3.585131492265499625e-02
2.241046498971964174e-01 -3.105536090256246374e-03
3.978088802206896646e-01 -1.295667494464963244e-03
4.320930930023974548e-01 -1.537616567838317495e-02
5.624821823849300850e-01 -1.697496633594085995e-03
1.146785639643983945e+00 -3.358247697476798236e-05
1.152627972889606944e+00 -7.274793523517248967e-04
1.213713912663910710e+00 -4.272964793739978773e-04
1.620662937500914502e+00 -1.909416016758519908e-05
2.275278835374907813e-02 -1.137450342734178284e-02
1.739554551118844827e-01 -3.627488705227657068e-02
2.106821498330985476e-01 -9.489685862064752009e-02
2.237598021496853551e-01 -3.012627111109273618e-03
2.701788391352549779e-01 -9.714849651127768770e-02
2.970927608094319217e-01 -1.337227898545659266e-01
5.193704990605321203e-01 -2.491374837889335256e-04
5.394072031644839837e-01 -7.410399860070547573e-03
5.531863295704525507e-01 -3.603804478740795653e-02
7.337027821698605123e-01 -3.542761906469002518e-05
1.309618214568097350e-01 -6.470249514841580618e-02
1.953171774829858542e-01 -5.378057090868178236e-02
2.244000674810398555e-01 -1.077088085983323451e-01
2.240222119996055361e-01 -4.211665654004693136e-03
2.656337096393047159e-01 -9.880990004001000138e-02
2.890781110802692067e-01 -1.379135629570281685e-01
1.477070040010235008e+00 -2.869329389737838680e-03
1.481737433263996540e+00 -2.160463848228255049e-03
1.485804081260442278e+00 -1.345164999803824361e-02
2.085487493214331245e+00 -2.106006169125813267e-06
1.309617969828917317e-01 -6.470250964171102293e-02
1.953185287400409642e-01 -5.379071158997509455e-02
2.228839768053925141e-01 -4.289894760933741190e-03
2.457188903319426909e-01 -9.654758279245580221e-02
2.844581860558969555e-01 -9.142804022278325227e-02
3.221894007313375607e-01 -1.209966871462360150e-01
1.311841356665873315e+00 -3.246157472682907521e-03
1.315467307785839202e+00 -1.366833869189808693e-03
1.326253534443897708e+00 -1.482890478413385719e-02
1.850994060584940870e+00 -7.628814141925968865e-06
9.717628303218836614e-04 -4.858813841700252920e-04
1.732722700867347365e-01 -3.567230358294216919e-02
2.224362858516671371e-01 -3.116817237943975746e-03
2.970710616888563305e-01 -5.146118240402548089e-02
3.414354552054171821e-01 -6.375715175143964464e-02
4.201273714512977486e-01 -7.284114434056118692e-02
2.396199209059798108e+00 -9.852299948675994828e-08
2.401868467368211135e+00 -2.340312248653018956e-03
2.413988253458763111e+00 -6.345695101047339921e-03
3.388731681893892844e+00 -1.222881255327905362e-08
5.147885741162904621e-02 -2.570752488083737422e-02
1.767663145530700419e-01 -3.871591393391997371e-02
2.220607388338320665e-01 -4.650960735031330062e-03
2.421259892414564241e-01 -8.161616777286016811e-02
2.938377341708940937e-01 -8.733480113730777983e-02
3.386639366305340682e-01 -1.128324997135429636e-01
1.639636110443573713e+00 -4.034995770347324221e-04
1.646829638691307718e+00 -2.867080941698386953e-03
1.654819571601610306e+00 -1.159460773714371222e-02
2.318308795621181417e+00 -2.971717666292038737e-07
2.227660177326636071e-01 -4.616215534604588798e-03
2.626085124624605860e-01 -1.303172920024606718e-01
2.506793574408908709e-01 -9.297434720229715011e-02
4.310990854918985704e-01 -4.080547611580916806e-02
4.321055005359393797e-01 -1.537888700072866446e-02
5.624822242171786391e-01 -1.697471401927618884e-03
2.319359941232478572e+00 -7.383746681828372467e-03
2.319606470562372902e+00 -2.416748848887005207e-03
2.347677268233058001e+00 -2.048842326184749233e-04
3.272122900748897667e+00 -1.444073380971827825e-08
3.587655018352623598e-02 -1.792911486166381269e-02
1.749711255270935684e-01 -3.716397045964368873e-02
2.238074259534029720e-01 -3.691232695036815881e-03
3.872420603154924645e-01 -7.543410083534216395e-03
4.214397487034654000e-01 -2.086343682889870571e-02
5.467341572524271331e-01 -9.518083505709807463e-03
2.455638141762102933e+00 -1.309689896573731113e-04
2.461176056827568015e+00 -2.358066732056551471e-03
2.485773254938845600e+00 -1.048379560421470623e-03
3.472655230564045681e+00 -5.086328432384557380e-09
1.309618285944084970e-01 -6.470249150359659585e-02
1.953161590832794003e-01 -5.377844886386709544e-02
2.213468568934082170e-01 -1.093682534735443274e-01
2.241457517744310235e-01 -4.174293967028903062e-03
2.629463624050910608e-01 -9.970721623524994581e-02
2.843212311400071801e-01 -1.404883413587940943e-01
2.491650072822928941e+00 -1.700294852732891224e-03
2.496037517638407088e+00 -2.420372249545628580e-03
2.496487043072554535e+00 -8.000606852844621697e-03
3.521883501258138871e+00 -6.276369103539188444e-10
2.164548418183915024e-01 -1.057965309106435325e-01
2.281978933416313193e-01 -7.813413501937091499e-02
2.242513440989236106e-01 -4.733148354172956977e-03
3.931705336997147748e-01 -4.443508953779336940e-02
4.036256741093594003e-01 -3.027385533474784979e-02
5.196303549721735804e-01 -2.313571117615915995e-02
9.979922883583243198e-01 -8.436275206200850255e-04
1.000140896319521966e+00 -1.162182183306604416e-02
1.056836102316198067e+00 -5.831206133155347228e-03
1.400497110505756870e+00 -2.975515897491322920e-05
1.309618050232288500e-01 -6.470247778441183539e-02
1.953079544159410097e-01 -5.378249814954040586e-02
2.238686315673140970e-01 -2.857619800002137063e-03
3.651998430250283367e-01 -3.340301229692100443e-02
3.926291659484237306e-01 -3.622264684303749122e-02
4.083238004920630160e-01 -1.045607753981049430e-02
4.343611308453219078e-01 -1.416125308723784754e-02
5.025252299753866225e-01 -3.172978684757662982e-02
5.348979577414226805e-01 -1.496405909493384034e-02
5.659224535895684971e-01 -1.181638106054251635e-04
1.241198511743948386e-02 -6.205762624862000768e-03
1.734748003734167265e-01 -3.585131485997761908e-02
2.235092370231603065e-01 -3.279400216872560732e-03
3.554352411575881776e-01 -2.251745982965740536e-02
3.926522785791085601e-01 -3.623245986382574862e-02
5.025251427721432185e-01 -3.172995463798451710e-02
2.455551586208954085e+00 -1.568400068560978319e-05
2.461176012648337963e+00 -2.358092161801454180e-03
2.481010497419257277e+00 -3.215320512907537866e-03
3.472655230739321031e+00 -5.087360284164638184e-09
5.095141528654169999e-03 -2.547560476944207147e-03
1.733053668274136816e-01 -3.570157796414503287e-02
2.221456979524956965e-01 -3.094727597300399053e-03
2.817364468451794002e-01 -5.904356771906066337e-02
3.284695889212760345e-01 -7.052316452014915915e-02
3.984252583724226526e-01 -8.353939581619816701e-02
1.474852793465172507e+00 -4.400494874669193600e-06
1.481716154105965577e+00 -2.174593103574157336e-03
1.500291057148060103e+00 -1.119280756401145466e-02
2.085487691392885257e+00 -2.083494070522963142e-06
1.963262000000294827e-01 -9.580396053131559619e-02
2.196025576201075524e-01 -7.207304893280461200e-02
2.242938692657302502e-01 -4.581248886346477554e-03
3.392331759961928483e-01 -6.810040433933503556e-02
3.546174647745825026e-01 -5.670317359726303325e-02
4.418829799814232295e-01 -6.205468321363921680e-02
2.493298183909333332e+00 -3.774530090156406979e-03
2.496037537426501363e+00 -2.420313009119844962e-03
2.509492766488300663e+00 -5.461022450388543573e-03
3.521883501317121024e+00 -6.032930542624066191e-10
3.587655018308903015e-02 -1.792911486197169488e-02
1.749711175844523847e-01 -3.716398943971625790e-02
2.012613618657371761e-01 -1.005393411188012648e-01
2.239679425406962687e-01 -3.348327834627522811e-03
2.617479810155725617e-01 -9.968422673788104871e-02
2.823564937181425316e-01 -1.410494778599602483e-01
1.146971160887662711e+00 -2.803114819064852505e-04
1.152633495610274839e+00 -7.396345559580728458e-04
1.159840442526703042e+00 -1.717562099950047105e-02
1.620662667746644692e+00 -1.908534167457309595e-05
6.920121439822075893e-02 -3.451208621012304828e-02
1.795699660678643228e-01 -4.109659486695976111e-02
2.055650283452855609e-01 -1.026789332564220086e-01
2.242719996697338514e-01 -2.152203331702625538e-03
2.617464425727455968e-01 -9.968297509871473783e-02
2.823564897032861953e-01 -1.410494810614844330e-01
5.209198303463387081e-01 -2.290801011384266655e-03
5.393527575931944540e-01 -7.397360461457670212e-03
5.484208266918682018e-01 -3.632250467476179356e-02
7.337023005677145715e-01 -3.662280339022858631e-05
2.275278835375080244e-02 -1.137450342736535426e-02
1.739554583008328936e-01 -3.627489501494381846e-02
2.221336658426031618e-01 -1.874350854772894714e-03
2.672090946357193464e-01 -6.673463458845280138e-02
3.159902487600818044e-01 -7.681195398951953801e-02
3.772776719928278566e-01 -9.391250607814927154e-02
4.549182582808309894e-01 -2.844399219130001421e-04
4.801363513767842317e-01 -1.001691807435533925e-02
5.239407600464359716e-01 -3.399536467998662270e-02
6.427663445176868828e-01 -2.295183697346775401e-05
1.963268026342071815e-01 -9.580399287746042825e-02
2.195858644663702952e-01 -7.205805702209043540e-02
2.254055581268817887e-01 -2.883575588409492338e-03
3.776400787585965646e-01 -4.600558954723730359e-02
3.925190330243422676e-01 -3.617310664742241083e-02
5.025191721844605164e-01 -3.173092372245345932e-02
5.335133604740135427e-01 -1.785367520502471189e-02
5.394944999136924713e-01 -7.314363703976593106e-03
6.286748098520933414e-01 -1.281227489622250443e-02
7.337048832312074165e-01 -3.471258612567448712e-05
1.529584920201393083e-01 -7.520146880292177816e-02
2.028092424714466602e-01 -5.957660237485514626e-02
2.247026326457978729e-01 -3.738557093322427468e-03
4.090215028802737240e-01 -1.522500322938603878e-02
4.320999528207335461e-01 -1.537918789859601433e-02
5.624822176966515208e-01 -1.697480553317850648e-03
2.315666019707982581e+00 -2.483904444942739223e-03
2.319605774919849317e+00 -2.415698119147941057e-03
2.347677266277776287e+00 -2.048861986084641641e-04
3.272122899901325876e+00 -1.456080083089911988e-08
1.309618020381575765e-01 -6.470247919472228715e-02
1.953109788271852609e-01 -5.378263090762465393e-02
2.244000896132232747e-01 -1.077087833516292004e-01
2.242274980569891885e-01 -3.343014783399331571e-03
2.656288331838119188e-01 -9.881267291023998478e-02
2.890781651839628985e-01 -1.379135799078242131e-01
9.945928104821138982e-01 -4.316843575434010233e-03
9.977811556537167226e-01 -7.058629540592401648e-04
1.007570888036488199e+00 -1.986245739435682500e-02
1.400495151730752230e+00 -3.124529119484065025e-05
5.147885739270419148e-02 -2.570752488572234165e-02
1.767660697885673482e-01 -3.871605043437673088e-02
2.209254633070151796e-01 -9.229483125517343178e-02
2.232630479726417372e-01 -3.337391568498035855e-03
2.765001298023836984e-01 -9.469317514142068515e-02
3.082131006010436769e-01 -1.280280871007934140e-01
4.557996625725380113e-01 -1.451406189879668549e-03
4.801199952292405371e-01 -9.966508239045539230e-03
4.976045436432814384e-01 -3.979059420367195982e-02
6.427647124748897545e-01 -2.291092662395843388e-05
3.587655018257318584e-02 -1.792911486243581667e-02
1.749711025834204126e-01 -3.716401746068981327e-02
2.026390026129404331e-01 -1.001462666439557891e-01
2.242887613513258049e-01 -2.525860270118139225e-03
2.629409858951067824e-01 -9.970889168712032680e-02
2.843212564420093957e-01 -1.404883526937810712e-01
6.079331787008255272e-01 -5.289245640994799701e-04
6.229479584140765747e-01 -4.976012387123040365e-03
6.329625387396843328e-01 -3.159753967301399263e-02
8.583732097984466680e-01 -4.302288281713799185e-05
2.164556400368339295e-01 -1.057962359525016494e-01
2.281751792073273555e-01 -7.815192916020535785e-02
2.225916890420235605e-01 -4.472621402052038772e-03
3.061152885204214691e-01 -9.526714024783904111e-02
3.159376705085488179e-01 -7.677456193455459155e-02
3.772770967109171925e-01 -9.391310084364426491e-02
4.745383132415883498e-01 -2.432906877064001244e-02
4.802356133654049897e-01 -9.951311276741373751e-03
5.239388252771666199e-01 -3.399458835034843696e-02
6.427664170604407978e-01 -2.159071875280955011e-05
2.164540816121309774e-01 -1.057959894754747082e-01
2.282273504323687474e-01 -7.814690622133484144e-02
2.526725393172770118e-01 -1.243592814309637390e-01
2.242599048828735064e-01 -6.737970446575659508e-03
2.629347947979882583e-01 -9.970901487149569364e-02
2.843212553988029301e-01 -1.404883465561625744e-01
1.803787437407347038e+00 -6.360536327193615919e-03
1.806485071010301757e+00 -3.191947572210980955e-03
1.807331908367504125e+00 -1.105290920841441385e-02
2.543920235730801949e+00 -1.463502190944521184e-08
2.233486626233973371e-01 -3.940808100235395142e-03
2.596725013901263202e-01 -9.851170694534233663e-02
2.789743056167299229e-01 -1.391568545483181374e-01
4.277433230929451047e-01 -1.758680061459731020e-02
4.314706601352480964e-01 -4.810332746341736826e-02
5.561183794490677235e-01 -4.829431101155380428e-03
2.401868889191872025e+00 -2.340290164916642920e-03
2.402301422884014492e+00 -8.082138708281675493e-03
2.428243698782721172e+00 -5.553043087551276470e-04
3.388731681235494619e+00 -1.240954628001644062e-08
2.232160990905620590e-01 -3.696033388114359705e-03
2.596712123851316334e-01 -9.851145263709722155e-02
2.789743012351158513e-01 -1.391568627223250532e-01
4.133532245644022662e-01 -2.514085780672261489e-02
4.184799686315844314e-01 -5.639419244829876887e-02
5.344822621199776247e-01 -1.567032021830634669e-02
2.496037526075165491e+00 -2.420405593170538334e-03
2.496221331680143152e+00 -7.776429169052222375e-03
2.518837262366362406e+00 -1.662256401496607422e-03
3.521883501309447162e+00 -6.396931482689487528e-10
2.499237169482360355e-01 -1.234857237781151751e-01
2.217947531236887926e-01 -6.480734823335485874e-03
2.441090227901108189e-01 -8.880571237325120271e-02
2.804353156256897406e-01 -1.253968648400190511e-01
2.764930595408484626e-01 -9.463738797010812220e-02
3.082127705869727730e-01 -1.280281069855156995e-01
1.955558012530381973e+00 -7.889534119113552485e-03
1.956852711258295630e+00 -3.153073786649274526e-03
1.959576021147074076e+00 -1.006806058059739328e-02
2.757006295906561100e+00 -7.123601948652761459e-12
2.275278835374398498e-02 -1.137450342734359909e-02
1.739554525039375410e-01 -3.627489021637059219e-02
2.235662563197075570e-01 -1.937797751376328995e-03
3.422545359459351899e-01 -2.948517344198300222e-02
3.804957889628519108e-01 -4.268521186069525880e-02
4.152804717112593691e-01 -3.115939149422638078e-04
4.455087621953255361e-01 -1.238327280741028345e-02
4.835651649090066395e-01 -4.123913494484496983e-02
5.371983115314115098e-01 -1.861706018145152866e-02
5.868761174963448290e-01 -8.253586607605688133e-06
2.226717745361228296e-01 -3.742416917267273567e-03
2.626084886624921455e-01 -1.303174516256670745e-01
2.506710770051441273e-01 -9.297196993947097476e-02
4.139506840829796364e-01 -5.147208666698650098e-02
4.133466187437843664e-01 -2.513231205884800326e-02
5.344821137129305288e-01 -1.567038250359171700e-02
1.315473619463405575e+00 -1.384105157543496752e-03
1.319191021767555094e+00 -1.301449109171264051e-02
1.362614918860980184e+00 -3.146521391921539706e-03
1.850994492315512385e+00 -7.824466660915515540e-06
1.963265059248328337e-01 -9.580409810750001309e-02
2.195964910468919395e-01 -7.206097968879365823e-02
2.252010394883235678e-01 -3.697801606617258287e-03
3.776392847285999776e-01 -4.600593258948466185e-02
3.925315314108807629e-01 -3.614552038199805861e-02
4.329876234184691364e-01 -2.178714761405739497e-02
4.455183002741132103e-01 -1.234793011623555245e-02
5.025258065561505338e-01 -3.172854112851714037e-02
5.460332702125744175e-01 -1.464880992166272405e-02
5.868759419743180272e-01 -7.916683891196169503e-06
1.093764757692209377e-01 -5.426259094381050835e-02
1.888290329754156172e-01 -4.866037866384780031e-02
2.236209966004134853e-01 -3.136761035855862613e-03
3.622022677371006250e-01 -3.017961663847876924e-02
3.926513443277930282e-01 -3.623313720160285106e-02
5.025251422283447678e-01 -3.172996299059491904e-02
2.088784062882086623e+00 -1.420625064157587892e-03
2.094506436864501886e+00 -2.897927023758535732e-03
2.117611328957923700e+00 -3.763017419745840093e-03
2.952458664773380814e+00 -6.922157267240166530e-10
1.529584630138814683e-01 -7.520143428432904398e-02
2.028066754261992344e-01 -5.957903758252879045e-02
2.282927737153452319e-01 -1.126742766995068451e-01
2.248149903473483924e-01 -3.437162900241455717e-03
2.629439507457828618e-01 -9.970948468453401381e-02
2.843212446772906965e-01 -1.404883412725281278e-01
1.150682445456356007e+00 -5.104971283037705067e-03
1.152666751873732354e+00 -6.333039114529177968e-04
1.160124084395526056e+00 -1.724790248035052917e-02
1.620662352217228763e+00 -1.883493590764738791e-05
2.164543006973467798e-01 -1.057962469832658958e-01
2.282169808154476398e-01 -7.814295591483225167e-02
2.515639020745287779e-01 -1.246807498965456368e-01
2.242509453315668644e-01 -6.286344327123489020e-03
2.617439305264046556e-01 -9.968025276747033425e-02
2.823564918507122656e-01 -1.410494826817105529e-01
1.480871553933032159e+00 -7.829411137258622533e-03
1.481805673866875006e+00 -2.164180972997655026e-03
1.485008715580873329e+00 -1.341395170479984036e-02
2.085487510483587492e+00 -2.026369963713301881e-06
1.309618251537318645e-01 -6.470248614356463590e-02
1.953138431494028382e-01 -5.377911604941541107e-02
2.200869575302266401e-01 -1.097281599169049743e-01
2.241005514346231242e-01 -3.930654850799878038e-03
2.617489374003990066e-01 -9.968505443126174370e-02
2.823564958606582520e-01 -1.410494750265482433e-01
1.951160991158514824e+00 -2.171405287866552160e-03
1.956852704011776245e+00 -3.153073314543208914e-03
1.957181756273961071e+00 -1.017437963741933335e-02
2.757006295905836790e+00 -7.673102449962767473e-12
